22 24
550 2 1 1 1
600 3 2 1 1
470 1 1 1 1
510 2 1 1 0
625 2 1144258560 4 2
0 1 2 1 1
750 3 1142456320 2 2
0 0 1145569280 3 2
0 0 1 1 1
500 2 1 1 0
660 2 2 1 1
740 3 2 1 1148026880
0 3 1 50 1
730 3 2 1 1
590 2 1 1 1
680 3 2 1 1
710 1143767040 2 2 1
0 1 1 1 1
570 2 1 1 1
640 2 2 1 0
695 3 2 1 1
720 3 2 1 1
870 3 2 1 40
1020 5 3 1 60
1100 4 3 1 70
990 3 2 1 55
890 2 2 1 45
960 4 3 1 50
1030 5 3 2 75
970 4 3 2 60
850 3 2 1 40
930 3 2 1 50
880 2 2 1 35
1010 4 3 2 70
920 3 2 1 50
980 4 3 2 65
1040 5 4 2 80
900 3 2 1 50
940 3 3 1 55
890 3 2 1 45
910 3 2 1 50
1000 4 3 2 70
1080 5 4 2 90
960 4 3 2 65
1050 5 4 2 85
0 0 0 0 0
